200   1000     72.81    3.043
200   2000     78.64    4.841
200   4000     81.16    7.334
200   6000     81.65    8.990
200   8000     81.73    9.728
200   10000    81.72    10.134
200   15000    81.72    11.332
200   20000    81.69    11.468


180   1000     72.82    2.680
180   2000     78.62    4.356
180   4000     81.17    6.284
180   6000     81.67    7.243
180   8000     81.74    8.020
180   10000    81.73    8.214
180   15000    81.73    8.515
180   20000    81.70    8.952


160   1000     72.74    2.413
160   2000     78.52    3.774
160   4000     81.00    5.003
160   6000     81.50    5.708
160   8000     81.62    5.968
160   10000    81.65    6.051
160   15000    81.65    6.460
160   20000    81.63    6.380


140   1000     72.46    2.102
140   2000     78.36    3.061
140   4000     80.77    3.868
140   6000     81.12    4.111
140   8000     81.23    4.317
140   10000    81.24    4.419
140   15000    81.23    4.501
140   20000    81.23    4.532


120   1000     72.52    1.840
120   2000     78.00    2.326
120   4000     80.10    2.759
120   6000     80.28    3.047
120   8000     80.36    3.149
120   10000    80.37    3.245
120   15000    80.32    3.208
120   20000    80.32    3.277


