220   1000     72.88    2.986
220   2000     78.50    5.098
220   4000     81.21    8.695
220   6000     81.62    10.545
220   8000     81.74    12.059
220   10000    81.79    13.149
220   15000    81.75    15.058
220   20000    81.70    15.957


200   1000     72.81    2.827
200   2000     78.51    4.896
200   4000     81.22    7.586
200   6000     81.64    9.243
200   8000     81.74    10.316
200   10000    81.79    11.176
200   15000    81.75    12.308
200   20000    81.70    12.839


180   1000     72.82    2.658
180   2000     78.50    4.411
180   4000     81.24    6.507
180   6000     81.67    7.637
180   8000     81.73    8.273
180   10000    81.75    8.974
180   15000    81.75    9.310
180   20000    81.70    9.958


160   1000     72.73    2.477
160   2000     78.48    3.681
160   4000     81.18    5.266
160   6000     81.63    5.825
160   8000     81.75    6.218
160   10000    81.76    6.666
160   15000    81.74    6.856
160   20000    81.72    7.129


140   1000     72.52    2.308
140   2000     78.33    3.174
140   4000     80.82    3.904
140   6000     81.17    4.332
140   8000     81.28    4.550
140   10000    81.28    4.835
140   15000    81.27    4.905
140   20000    81.24    5.155


120   1000     72.25    1.742
120   2000     77.73    2.387
120   4000     79.97    2.880
120   6000     80.11    3.256
120   8000     80.20    3.363
120   10000    80.21    3.417
120   15000    80.17    3.679
120   20000    80.17    3.593


