220   1000     72.79    3.149
220   2000     78.51    5.354
220   4000     81.17    8.295
220   6000     81.74    10.966
220   8000     81.80    12.749
220   10000    81.90    13.897 
220   15000    81.87    16.542
220   20000    81.89    17.838


200   1000     72.74    2.860
200   2000     78.52    4.900
200   4000     81.21    7.673
200   6000     81.73    9.655
200   8000     81.85    10.765
200   10000    81.87    11.973
200   15000    81.91    13.390
200   20000    81.86    14.248


180   1000     72.79    3.095
180   2000     78.50    4.837
180   4000     81.23    7.014
180   6000     81.75    8.343
180   8000     81.82    9.236
180   10000    81.85    9.875
180   15000    81.90    10.150
180   20000    81.85    10.602


160   1000     72.69    2.646
160   2000     78.53    3.792
160   4000     81.23    5.339
160   6000     81.72    6.000
160   8000     81.79    6.489
160   10000    81.82    6.871 
160   15000    81.80    7.467
160   20000    81.76    7.770


140   1000     72.53    2.328
140   2000     78.33    3.231
140   4000     80.88    4.092
140   6000     81.28    4.462
140   8000     81.40    4.853
140   10000    81.40    5.014
140   15000    81.38    5.497
140   20000    81.35    5.707


120   1000     72.26    1.726
120   2000     77.72    2.377
120   4000     79.94    2.984
120   6000     80.10    3.425
120   8000     80.17    3.589
120   10000    80.17    3.785
120   15000    80.14    3.993
120   20000    80.14    4.206


